[12.928798  14.901129  16.15255   19.656801  16.318722  16.483658
 12.4332285 10.168177  12.87723   14.920579  19.143656  17.046814
 13.924037  12.80883   11.275429  13.484088  15.178046  16.240265
 15.332236  15.78183   16.484472  17.765446  13.067189  14.58386
 13.790246  16.751957  16.61199   15.189423  15.672429  17.888275
 15.115956  15.813192  17.438469  18.31313   16.292194  17.815004
 16.58572   17.992764  16.472258  17.322882  16.008568  15.031634
 14.534311  14.348826  14.871303  19.364319  17.683205  19.632013
 19.161814  18.812075  19.639933  17.324818  17.497555  16.402233
 15.283816  17.799528  18.334414  17.886787  14.294988  15.229293
 15.240647  17.65114   19.48649   16.794432  19.936419  21.615597
 19.330475  20.56819   21.212254  23.299967  18.67964   19.394207
 20.359325  15.091656  16.239458  14.461472  16.505333  15.339859
 14.128697  15.2244625 16.0887    15.067731  14.625995  14.571235
 15.444289  14.493177  12.504409  14.28849   14.531494  11.502483
 13.019124  13.758013  11.488424  12.291593   9.619858  12.534448
 16.821352  11.760813  17.141737  13.369565  17.154982  15.627521
 14.842675  14.955545  15.960529  11.469184  10.264979  11.504867
 12.466982  11.74408   10.146116  11.099452  12.248796   9.728936
  9.312289   8.020822  10.045957  11.399988  12.003692  14.915948
 13.125566  13.089425  12.406241  14.40619   14.189113  16.212225
 11.557448  13.7012205 13.057776  12.055999  10.662105  11.581667
 10.9505415 11.931139  10.982294  12.181108   9.23123   10.411993
  9.679439  13.223168  12.256252  10.208331   6.96617   11.232401
  8.13107    8.699125   8.36174    9.163237  11.463309   9.605156
 11.446057  13.637427   6.53962    5.7661     4.7694407  7.9255557
  9.549703   6.1379976  7.0508156  8.481767   6.499291   5.449712
  5.6132345  6.5657926  7.887088   8.168552  13.720406  12.768939
 11.065216   9.62897    6.761678   8.898176   8.778874   7.430329
  7.4352803  7.8276925  8.485927   5.730553   4.627523   4.279465
  0.7777489  2.210453   5.5465007  2.9871485  5.70398    6.745938
  5.0651     6.4718075  6.524062   6.289603   8.833094   9.701122
  9.605344  10.341823   7.2556167  6.4325705  2.6604047  4.351985
  4.8988276  5.8419933  6.9903216  7.1241865  5.298538   4.504817
  0.8935427  2.9141834  3.7921562  8.175244   4.147169   7.1246247
  9.079641  10.017134   5.58441    5.906136   3.481026   9.679962
  6.855559  10.610546   9.396889   8.771092   5.7626157  6.1264424
  7.283593  10.045233   3.9369292  8.918499   6.05718    7.762223
  7.7203956  5.583282   5.9538474  7.5081043  8.224722   7.559265
  4.8452425  9.000172   4.7915554  5.938677   8.4563675  6.98282
  7.5350223  7.906785   5.6728396  4.6296835  7.8591905  6.5566316
  7.295254   6.235859   8.659951   7.328846   8.097348   6.550892
  8.167564  12.120388   8.5910425  8.0420475  8.097767   7.684714
  7.7163377  6.6696     8.179704  11.99356    7.2594967 10.139251
  8.358655   9.217016  10.150136   5.33203    9.633801  11.792985
  5.443083  12.540379   4.292361  11.957005  10.519539   8.470553
  7.023389   5.7816186 10.526171  11.494203   6.875435  11.386856
 10.495506   9.878537   8.983252  10.2637205  9.780839   9.41096
  6.8031144 13.449391  10.40386    9.832837  10.9885435  9.492685
 11.97293   11.528959   7.788143  12.864941   8.394438  13.355745
 10.703179  10.793066  11.257436   9.438883  14.192265   8.923365
  7.2944274 10.634191   9.554835  13.578919  10.825813  11.168253
 11.702799  10.062883  10.200936  12.901662  11.967146  11.987179
 10.34109   14.021132  12.737398  12.31147   13.252983   8.784871
 11.308715  13.589715  14.027078  16.58843   19.511593  13.960551
 15.448172  11.952124  15.813253  14.443256  16.867228  15.996321
 18.38087   18.320442  15.138156  13.479167  12.207898  13.301178
 15.652714  17.97262   17.037018  18.417774  13.702672  14.862232
 10.312826  12.862572  14.736188  14.95539   14.245711  19.979393
 13.752856  12.824151  10.066556  11.65543   13.096811  12.44444
 15.838382  17.408545  15.1730585 13.657079  10.536441  14.401349
 11.753523  13.724525  13.493723  17.614727  14.84824   13.779054
 14.354381  15.147546  12.817568  18.244652  17.874603  23.067768
 16.804693  16.255602  16.327562  16.851664  13.882665  15.731373
 16.224613  17.093784  14.644971  12.879206  13.679693  12.582955
 15.879542  11.584418  19.086372  17.394957  17.753202  15.460642
 19.375525  15.755209  14.426623  13.456685  17.326235  14.456395
 16.399576  10.483321  13.5630665 15.243618  15.614145  15.467936
 15.420463  16.342096  13.565881  14.986537  19.0799    16.000729
 17.886667  12.768828  16.657957  14.866307  15.537652  18.061932
 15.054291  16.232439  17.884619  15.943353  19.327745  16.434248
 18.482979  17.342548  19.993221  20.193316  20.237974  17.316748
 14.985126  12.988902  17.699568  17.538113  16.312372  13.278196
 11.066425  11.274251  13.854348  10.568309  12.214252  12.648669
 14.245507  14.537982  13.83229   15.209178  14.88102   14.397527
 16.463251  19.049753  20.856625  13.345188  12.762847  15.094889
 15.726571  16.256338  14.878798  14.108694  14.9325905 12.059507
 14.193771  12.825987  14.591807  14.005643  14.440565  19.984085
 17.712122  18.300327  14.574156  11.988549  14.910655  15.311075
 14.857473  12.156444  12.77129   14.730391  13.874856  10.999983
 11.517054  12.012418  11.897554  12.351137  12.328963  15.3332615
 11.279437  11.380463  12.383068  11.940266  13.033181  12.345693
 12.626685  10.692845   7.9059134 10.190061  15.185516  12.210816
 13.520105   9.921959   9.645866   7.7721834  6.976825  12.6173525
  9.076256  10.245759  12.129076  10.192763   9.954449   5.61239
  7.149548  10.117812   9.486677   8.171605   6.6319203  6.3477807
  5.785181   8.858998   9.849367  10.048538   9.048854   9.119472
 10.284163   4.480792   5.9108377  7.1130843  9.088675  11.714975
  8.466983   8.976254   9.659813   2.697136   7.1753774  6.6649375
  9.550455   7.847566   7.771936   8.949522  10.092006   6.3046875
  8.988658   5.967365  10.745622   5.816268   7.539806   6.8323855
  9.510327   7.0577526  6.163998   7.2122993  7.5004225  5.36552
  9.163363   3.0821397  7.689392   9.501623  10.386632  10.621031
  6.1423454  7.1738605  7.5688677  6.5836024 10.228291  10.676555
  8.758372  10.742076   6.115974  11.179801   9.036075   8.131902
 10.204448  12.185585  10.889472   9.12775    6.5842557  6.966542
  7.9293647  7.7006555  6.6871595  8.540039   9.635901   5.383356
  7.9547467  7.5305166  7.4699426  7.5098763  8.553609   7.946145
  9.116292   5.869666  10.325006   8.335872  10.171515   6.429816
  7.162214   7.943585   7.3985023  7.310029  10.61069    9.707552
  7.3676434  8.25169    8.614004   7.252719   8.432362   3.1357021
  8.307654   9.915766   7.2262106  8.918903   4.407423   8.872098
  7.2577887  7.2692738 11.926342   9.660399   8.370174   5.1756334
  7.5157533 12.39988   10.718848   8.372909   9.557819   9.378456
 10.38166    8.118402   5.7483373 10.825612  10.77444   14.877034
 11.001703   9.497193   5.656231   7.405697  11.178231   9.740947
  9.812725  14.29453    5.896697  12.828456  10.561604  10.290845
  7.774318   9.119256  14.3425455 12.29758   10.700078   4.8900046
  8.987188  12.626572  14.37422    8.791361   8.072749   8.326531
 13.676513  10.127928  12.420639   9.146741  11.257666   9.139939
 14.742448   8.314743  13.800783  10.627308  10.860976  13.078202
 13.78807   14.135416   9.2585125 13.851127  17.016695  15.767284
 14.57913   16.163118  12.479275  15.181515  16.559996  16.807348
 14.131315  14.156764   9.686226  11.111165  14.5763235 15.012151
 15.141804  14.825023  13.714837  10.384016  11.682058   8.342568
  7.6378527 13.948957  13.100416  13.533085  12.445359  11.34929
 11.777697   7.0566707 14.75411   13.869345  14.266049  15.224931
 11.635421  16.843323  15.235748  16.171097  18.623587  19.467335
 16.266144  14.782873  14.653357  16.397219  15.295972  13.63516
 16.316395  14.4114685 11.915677  12.221634  12.349779  11.528873
 14.785185  13.372525  16.322107  16.10911   13.288723  15.063152
 14.160936  14.267843  15.061908  11.384219 ]
2.5309954